{
 "cells": [
  {
   "cell_type": "markdown",
   "metadata": {},
   "source": [
    "# Introduction to piezoelectric properties with lithium niobate"
   ]
  },
  {
   "cell_type": "markdown",
   "metadata": {},
   "source": [
    "Continuing the study of bulk material elastic properties from the previous tutorial, let's take a look at the orientational dependence of lithium niobate, an increasingly important material in SBS.\n",
    "\n",
    "The numerical values for the $\\mathrm{LiNbO}_3$ material properties  are taken from [Rodrigues et al, JOSA B 40, D56 (2023)](https://doi.org//10.1364/JOSAB.482656).\n"
   ]
  },
  {
   "cell_type": "code",
   "execution_count": null,
   "metadata": {},
   "outputs": [
    {
     "name": "stdout",
     "output_type": "stream",
     "text": [
      "The autoreload extension is already loaded. To reload it, use:\n",
      "  %reload_ext autoreload\n"
     ]
    }
   ],
   "source": [
    "%load_ext autoreload\n",
    "%autoreload 3\n",
    "\n",
    "import sys\n",
    "sys.path.append(\"../../backend\")\n",
    "\n",
    "#import time\n",
    "import numpy as np\n",
    "from IPython.display import Image, display\n",
    "\n",
    "from plotting.plottools import img_single, img_pair\n",
    "import materials\n",
    "\n",
    "# # Define a function to display a single image with a caption\n",
    "# def img_single(fn, cap='', height=300):\n",
    "#     cache_buster=int(time.time() * 1000)\n",
    "\n",
    "#     html_string = f\"\"\"\n",
    "#         <div style=\"margin-right: 10px;\">\n",
    "#             <img src=\"{fn}?{cache_buster}\" height=\"{height}px\">\n",
    "#             <p style=\"text-align: center;\">{cap}</p>\n",
    "#         </div>\"\"\"\n",
    "\n",
    "#     display(HTML(html_string))\n",
    "\n",
    "# # Define a function to display a pair of images side by side with captions\n",
    "# def img_pair(fn1, fn2, cap1='', cap2='', height1=300, height2=300):\n",
    "#     cache_buster=int(time.time() * 1000)\n",
    "#     html_string = f\"\"\"\n",
    "#     <div style=\"display: flex; justify-content: center; align-items: flex-start;\">\n",
    "#         <div style=\"margin-right: 10px;\">\n",
    "#             <img src=\"{fn1}?{cache_buster}\" height=\"{height1}px\">\n",
    "#             <p style=\"text-align: center;\">{cap1}</p>\n",
    "#         </div>\n",
    "#         <div>\n",
    "#             <img src=\"{fn2}?{cache_buster}\" height=\"{height2}px\">\n",
    "#             <p style=\"text-align: center;\">{cap2}</p>\n",
    "#         </div>\n",
    "#     </div>\"\"\"\n",
    "\n",
    "#     display(HTML(html_string))"
   ]
  },
  {
   "cell_type": "markdown",
   "metadata": {},
   "source": [
    "## Stiffness tensor under crystal rotations\n",
    "\n"
   ]
  },
  {
   "cell_type": "markdown",
   "metadata": {},
   "source": [
    "### The default orientation:  $y$-cut\n",
    "\n",
    "To review, in NumBAT, the *laboratory* axes $x$, $y$ and $z$ are fixed. Propagation always occurs along the $z$ direction and the vertical direction out of the substrate is always along $y$.\n",
    "\n",
    "The *crystal* axes of a material, denoted $X$, $Y$ and $Z$, or equivalently $\\hat{c}_x$, $\\hat{c}_y$, $\\hat{c}_z$ can be rotated.\n",
    "\n",
    "The material is defined in the definition json files with the crystal and laboratory axes aligned, and is thus in $y$-cut form: the crystal $\\hat{c}_y$ axis points up out of the waveguide, with the crystal symmetry axis $\\hat{c}_z$ lying along the propagation direction $z$.\n"
   ]
  },
  {
   "cell_type": "markdown",
   "metadata": {},
   "source": [
    "We'll look at this for a material file describing lithium niobate. (Remember that in NumBAT, the same material can have multiple definition files to allow exact comparison with literature references that might choose slightly different values for some quantities.)"
   ]
  },
  {
   "cell_type": "code",
   "execution_count": 4,
   "metadata": {},
   "outputs": [],
   "source": [
    "mat_LiNbO3 = materials.make_material(\"LiNbO3_2023_Rodrigues\")\n",
    "mat_LiNbO3_y = mat_LiNbO3  # for naming convenience later"
   ]
  },
  {
   "cell_type": "markdown",
   "metadata": {},
   "source": [
    "Here is the default orientation as just described with the crystal and laboratory axes aligned.\n"
   ]
  },
  {
   "cell_type": "code",
   "execution_count": 7,
   "metadata": {},
   "outputs": [
    {
     "data": {
      "text/html": [
       "\n",
       "        <div style=\"margin-right: 10px;\">\n",
       "            <img src=\"tmp_LiNbO3-ycut-crystal.png?1753767978097\" width=\"300px\">\n",
       "            <p style=\"text-align: center;\"></p>\n",
       "        </div>"
      ],
      "text/plain": [
       "<IPython.core.display.HTML object>"
      ]
     },
     "metadata": {},
     "output_type": "display_data"
    }
   ],
   "source": [
    "pref='tmp_LiNbO3'\n",
    "fnimg = mat_LiNbO3.make_crystal_axes_plot(pref+'-ycut')\n",
    "img_single(fnimg, width=300)"
   ]
  },
  {
   "cell_type": "markdown",
   "metadata": {},
   "source": [
    "The crystal properties show that for this orientation the two shear modes for propagation along $z$ are degenerate. Both a phase velocity of $v_p$=3.5879 km/s. "
   ]
  },
  {
   "cell_type": "code",
   "execution_count": 5,
   "metadata": {},
   "outputs": [
    {
     "name": "stdout",
     "output_type": "stream",
     "text": [
      "Elastic properties of material LiNbO3_2023_Rodrigues\n",
      "  Density:        4650.000 kg/m^3\n",
      "  Ref. index:     2.2100+0.0000j \n",
      "  Crystal class:  Trigonal\n",
      "  Crystal group:  3m\n",
      "   \n",
      " Stiffness c_IJ, unit: GPa.\n",
      "   Voigt 4-tensor:\n",
      "    [[198.8300  54.6400  68.2300   7.8300   0.0000   0.0000]\n",
      "     [ 54.6400 198.8300  68.2300  -7.8300   0.0000   0.0000]\n",
      "     [ 68.2300  68.2300 235.7100   0.0000   0.0000   0.0000]\n",
      "     [  7.8300  -7.8300   0.0000  59.8600   0.0000   0.0000]\n",
      "     [  0.0000   0.0000   0.0000   0.0000  59.8600   7.8300]\n",
      "     [  0.0000   0.0000   0.0000   0.0000   7.8300  72.0950]]\n",
      "\n",
      "  Wave mode 1: v_p=7.1197 km/s,  |v_g|=7.1197 km/s,  u_j=[ 0.0000  0.0000  1.0000],  v_g=[ 0.0000  0.0000  7.1197] km/s\n",
      "  Wave mode 2: v_p=3.5879 km/s,  |v_g|=3.6185 km/s,  u_j=[ 1.0000  0.0000  0.0000],  v_g=[ 0.0000  0.4693  3.5879] km/s\n",
      "  Wave mode 3: v_p=3.5879 km/s,  |v_g|=3.6185 km/s,  u_j=[ 0.0000  1.0000  0.0000],  v_g=[ 0.0000 -0.4693  3.5879] km/s\n"
     ]
    }
   ],
   "source": [
    "print(mat_LiNbO3.elastic_properties())"
   ]
  },
  {
   "cell_type": "markdown",
   "metadata": {},
   "source": [
    "This degeneracy is lost if the wave vector direction in the $x$-$z$ plane is varied.\n",
    "\n",
    "By solving the Christoffel equation as the wave vector rotates in the $x$-$z$ plane we can map out curves of the phase velocity, inverse phase velocity (or \"slowness\"), and the magnitude of the group velocity $|v_g(\\kappa)|$.\n",
    "\n",
    "The faint circular lines mark radial velocities at 1 km/s intervals:"
   ]
  },
  {
   "cell_type": "code",
   "execution_count": null,
   "metadata": {},
   "outputs": [
    {
     "data": {
      "text/html": [
       "\n",
       "        <div style=\"margin-right: 10px;\">\n",
       "            <img src=\"tmp_LiNbO3-ycut-bulkdisp-all.png?1753767982423\" width=\"400px\">\n",
       "            <p style=\"text-align: center;\"></p>\n",
       "        </div>"
      ],
      "text/plain": [
       "<IPython.core.display.HTML object>"
      ]
     },
     "metadata": {},
     "output_type": "display_data"
    }
   ],
   "source": [
    "imgdisp_y = mat_LiNbO3.plot_bulk_dispersion(pref+'-ycut')\n",
    "img_single(imgdisp_y, width=400)"
   ]
  },
  {
   "cell_type": "markdown",
   "metadata": {},
   "source": [
    "For this material, it is quite hard to see the difference between the phase and group velocity plots. That is more obvious in some other materials.\n",
    "\n",
    "These plots can also be generated without the polarisation state markers:"
   ]
  },
  {
   "cell_type": "code",
   "execution_count": 9,
   "metadata": {},
   "outputs": [
    {
     "data": {
      "text/html": [
       "\n",
       "        <div style=\"margin-right: 10px;\">\n",
       "            <img src=\"tmp_LiNbO3-bulkdisp-all.png?1753767990672\" width=\"400px\">\n",
       "            <p style=\"text-align: center;\"></p>\n",
       "        </div>"
      ],
      "text/plain": [
       "<IPython.core.display.HTML object>"
      ]
     },
     "metadata": {},
     "output_type": "display_data"
    }
   ],
   "source": [
    "imgdisp_yb = mat_LiNbO3.plot_bulk_dispersion(pref, show_poln=False)\n",
    "img_single(imgdisp_yb, width=400)"
   ]
  },
  {
   "cell_type": "markdown",
   "metadata": {},
   "source": [
    "### The $z$-cut orientation"
   ]
  },
  {
   "cell_type": "markdown",
   "metadata": {},
   "source": [
    "Now let's rotate the starting crystal so the primary crystal symmetry axis $\\hat{c}_z$ points upwards along $\\hat{y}$, \n",
    "with the $\\hat{c}_y$ axis along $-\\hat{z}$. This corresponds to Fig. 2a in Rodrigues et al."
   ]
  },
  {
   "cell_type": "code",
   "execution_count": 10,
   "metadata": {},
   "outputs": [],
   "source": [
    "mat_LiNbO3_z = mat_LiNbO3.copy()\n",
    "mat_LiNbO3_z.set_orientation('z-cut')"
   ]
  },
  {
   "cell_type": "code",
   "execution_count": 11,
   "metadata": {},
   "outputs": [
    {
     "data": {
      "text/html": [
       "\n",
       "        <div style=\"margin-right: 10px;\">\n",
       "            <img src=\"tmp_LiNbO3-zcut-crystal.png?1753768000097\" width=\"300px\">\n",
       "            <p style=\"text-align: center;\"></p>\n",
       "        </div>"
      ],
      "text/plain": [
       "<IPython.core.display.HTML object>"
      ]
     },
     "metadata": {},
     "output_type": "display_data"
    }
   ],
   "source": [
    "fimg = mat_LiNbO3_z.make_crystal_axes_plot(pref+'-zcut')\n",
    "img_single(fimg, width=300)"
   ]
  },
  {
   "cell_type": "markdown",
   "metadata": {},
   "source": [
    "With the 6-fold symmetry axis $Z$ pointing up along $y$, the dispersion cuts in the $x$-$z$ plane now display the full 6-fold symmetry associated with the trigonal structure of lithium niobate:"
   ]
  },
  {
   "cell_type": "code",
   "execution_count": 12,
   "metadata": {},
   "outputs": [
    {
     "data": {
      "text/html": [
       "\n",
       "        <div style=\"margin-right: 10px;\">\n",
       "            <img src=\"tmp_LiNbO3-zcut-bulkdisp-all.png?1753768001615\" width=\"500px\">\n",
       "            <p style=\"text-align: center;\"></p>\n",
       "        </div>"
      ],
      "text/plain": [
       "<IPython.core.display.HTML object>"
      ]
     },
     "metadata": {},
     "output_type": "display_data"
    }
   ],
   "source": [
    "imgdisp_z = mat_LiNbO3_z.plot_bulk_dispersion(pref+'-zcut')\n",
    "img_single(imgdisp_z,width=500)"
   ]
  },
  {
   "cell_type": "markdown",
   "metadata": {},
   "source": [
    "### The $x$-cut orientation"
   ]
  },
  {
   "cell_type": "markdown",
   "metadata": {},
   "source": [
    "For completeness, we can look at the $x$-cut properties:"
   ]
  },
  {
   "cell_type": "code",
   "execution_count": 13,
   "metadata": {},
   "outputs": [
    {
     "name": "stdout",
     "output_type": "stream",
     "text": [
      "Elastic properties of material LiNbO3_2023_Rodrigues\n",
      "  Density:        4650.000 kg/m^3\n",
      "  Ref. index:     2.2100+0.0000j \n",
      "  Crystal class:  Trigonal\n",
      "  Crystal group:  3m\n",
      "   \n",
      " Stiffness c_IJ, unit: GPa.\n",
      "   Voigt 4-tensor:\n",
      "    [[198.8300  54.6400  68.2300  -0.0000   7.8300   0.0000]\n",
      "     [ 54.6400 198.8300  68.2300   0.0000  -7.8300   0.0000]\n",
      "     [ 68.2300  68.2300 235.7100   0.0000   0.0000  -0.0000]\n",
      "     [ -0.0000   0.0000   0.0000  59.8600   0.0000  -7.8300]\n",
      "     [  7.8300  -7.8300   0.0000   0.0000  59.8600  -0.0000]\n",
      "     [ -0.0000   0.0000  -0.0000  -7.8300  -0.0000  72.0950]]\n",
      "\n",
      "  Wave mode 1: v_p=7.1197 km/s,  |v_g|=7.1197 km/s,  u_j=[ 0.0000  0.0000  1.0000],  v_g=[ 0.0000  0.0000  7.1197] km/s\n",
      "  Wave mode 2: v_p=3.5879 km/s,  |v_g|=3.6185 km/s,  u_j=[ 0.0000  1.0000  0.0000],  v_g=[-0.4693  0.0000  3.5879] km/s\n",
      "  Wave mode 3: v_p=3.5879 km/s,  |v_g|=3.6185 km/s,  u_j=[ 1.0000 -0.0000  0.0000],  v_g=[ 0.4693 -0.0000  3.5879] km/s\n"
     ]
    }
   ],
   "source": [
    "mat_LiNbO3_x =  mat_LiNbO3.copy()\n",
    "mat_LiNbO3_x.set_orientation('x-cut')\n",
    "\n",
    "print(mat_LiNbO3_x.elastic_properties())"
   ]
  },
  {
   "cell_type": "code",
   "execution_count": 14,
   "metadata": {},
   "outputs": [
    {
     "data": {
      "text/html": [
       "\n",
       "        <div style=\"margin-right: 10px;\">\n",
       "            <img src=\"tmp_LiNbO3-xcut-crystal.png?1753768009665\" width=\"300px\">\n",
       "            <p style=\"text-align: center;\"></p>\n",
       "        </div>"
      ],
      "text/plain": [
       "<IPython.core.display.HTML object>"
      ]
     },
     "metadata": {},
     "output_type": "display_data"
    }
   ],
   "source": [
    "fnimg = mat_LiNbO3_x.make_crystal_axes_plot(pref+'-xcut')\n",
    "img_single(fnimg,width=300)"
   ]
  },
  {
   "cell_type": "markdown",
   "metadata": {},
   "source": [
    "The distinction between the $x$-cut and $y$-cut dispersion is subtle, and it helpful to plot them side by side."
   ]
  },
  {
   "cell_type": "code",
   "execution_count": 39,
   "metadata": {},
   "outputs": [
    {
     "data": {
      "text/html": [
       "\n",
       "    <div style=\"display: flex; justify-content: center; align-items: flex-start;\">\n",
       "        <div style=\"margin-right: 10px;\">\n",
       "            <img src=\"tmp_LiNbO3-ycut-bulkdisp-all.png?1753769019712\" height=\"400px\">\n",
       "            <p style=\"text-align: center;\">Y cut</p>\n",
       "        </div>\n",
       "        <div>\n",
       "            <img src=\"tmp_LiNbO3-xcut-bulkdisp-all.png?1753769019712\" height=\"400px\">\n",
       "            <p style=\"text-align: center;\">X cut</p>\n",
       "        </div>\n",
       "    </div>"
      ],
      "text/plain": [
       "<IPython.core.display.HTML object>"
      ]
     },
     "metadata": {},
     "output_type": "display_data"
    }
   ],
   "source": [
    "imgdisp_x = mat_LiNbO3_x.plot_bulk_dispersion(pref+'-xcut')\n",
    "img_pair(imgdisp_y, imgdisp_x, 'Y cut', 'X cut', 400, 400)"
   ]
  },
  {
   "cell_type": "markdown",
   "metadata": {},
   "source": [
    "## Photoelastic response"
   ]
  },
  {
   "cell_type": "markdown",
   "metadata": {},
   "source": [
    "Now let's consider the influence of crystal orientation on the photoelastic coupling.\n",
    "\n",
    "The photoelastic tensor elements $p_{ijkl}$ also change in value as the crystal is rotated. \n",
    "Once again, we can plot the coefficients in the lab frame coordinates, as a crystal of given orientation is imagined to be rotated around the $y$ axis.\n",
    "\n",
    "The desired elements of the tensor are specified in the Voigt notation $p_{IJ}$.\n",
    "\n",
    "As with the results above, the $Z$-cut crystal exhibits the 3-fold trigonal symmetry, while the other two cuts have more complex behaviour."
   ]
  },
  {
   "cell_type": "code",
   "execution_count": null,
   "metadata": {},
   "outputs": [
    {
     "data": {
      "text/html": [
       "\n",
       "        <div style=\"margin-right: 10px;\">\n",
       "            <img src=\"tmp_LiNbO3-pijkl.png?1753770134779\" height=\"400px\">\n",
       "            <p style=\"text-align: center;\">Photoelastic tensor components for Z-cut LiNbO3</p>\n",
       "        </div>"
      ],
      "text/plain": [
       "<IPython.core.display.HTML object>"
      ]
     },
     "metadata": {},
     "output_type": "display_data"
    }
   ],
   "source": [
    "fn = mat_LiNbO3_z.plot_photoelastic_IJ(pref, (\"11\",\"12\", \"13\", \"14\", \"15\"))\n",
    "img_single(fn, 'Photoelastic tensor components for Z-cut LiNbO3', 400)"
   ]
  },
  {
   "cell_type": "code",
   "execution_count": 50,
   "metadata": {},
   "outputs": [
    {
     "data": {
      "text/html": [
       "\n",
       "        <div style=\"margin-right: 10px;\">\n",
       "            <img src=\"tmp_LiNbO3-pijkl.png?1753770156812\" height=\"400px\">\n",
       "            <p style=\"text-align: center;\">Photoelastic tensor components for X-cut LiNbO3</p>\n",
       "        </div>"
      ],
      "text/plain": [
       "<IPython.core.display.HTML object>"
      ]
     },
     "metadata": {},
     "output_type": "display_data"
    }
   ],
   "source": [
    "fn = mat_LiNbO3_x.plot_photoelastic_IJ(pref, (\"11\",\"12\", \"13\", \"14\", \"15\"))\n",
    "img_single(fn, 'Photoelastic tensor components for X-cut LiNbO3', 400)"
   ]
  },
  {
   "cell_type": "code",
   "execution_count": 53,
   "metadata": {},
   "outputs": [
    {
     "data": {
      "text/html": [
       "\n",
       "        <div style=\"margin-right: 10px;\">\n",
       "            <img src=\"tmp_LiNbO3-pijkl.png?1753770209913\" height=\"400px\">\n",
       "            <p style=\"text-align: center;\">Photoelastic tensor components for Y-cut LiNbO3</p>\n",
       "        </div>"
      ],
      "text/plain": [
       "<IPython.core.display.HTML object>"
      ]
     },
     "metadata": {},
     "output_type": "display_data"
    }
   ],
   "source": [
    "fn = mat_LiNbO3_y.plot_photoelastic_IJ(pref, (\"11\",\"12\", \"13\", \"14\", \"15\"))\n",
    "img_single(fn, 'Photoelastic tensor components for Y-cut LiNbO3', 400)"
   ]
  },
  {
   "cell_type": "markdown",
   "metadata": {},
   "source": [
    "# Piezolectric properties of lithium niobate"
   ]
  },
  {
   "cell_type": "markdown",
   "metadata": {},
   "source": [
    "Now let's turn to the piezoelectric response of lithium niobate.\n",
    "\n",
    "This version of lithium niobate has additional piezoelectric quantities defined: the strain piezo coefficient $d_{iJ}$ and the stress piezo coefficient $e_{iJ}$. These are $3\\times 6$  tensors with mixed ordinary and Voigt indices.\n",
    "\n"
   ]
  },
  {
   "cell_type": "markdown",
   "metadata": {},
   "source": [
    "## Piezo slowness curves for x-cut\n",
    "\n",
    "There are a number of piezoelectric phenomena that involve coupling of the optical field and a material-related polarisation field. Perhaps the most basic effect is a \"piezo-stiffening\" of the stiffness tensor (a genuinely confusing terminology).\n",
    "This effect is discussed in Auld volume 1, section 8.F.\n",
    "\n",
    "To good approximation this is an adjustment to the optical properties only in which the \"raw\" stiffness tensor $c_{IJ}$ is modified by the piezo influence.\n",
    "\n",
    "It is described by a change to the Christoffel equation so that the bulk optical modes are altered. The revised Christoffel equation has the form \n",
    "$$\n",
    "q^2 \\Gamma_{ij} v_j = \\rho \\Omega^2 v_i,\n",
    "$$\n",
    "where \n",
    "$$\n",
    "\\Gamma_{ij} = l_{iK} c_{KL} l_{Lj},\n",
    "$$\n",
    "and the matrix $l_{Lj}$ indexed by Voigt ($L$) and Cartesian indices ($j$) is composed of the wavevector components $\\vec \\kappa $:\n",
    "\n",
    "$$\n",
    "l_{Lj} = \\begin{bmatrix} \n",
    "\\kappa_x & 0 & 0 \\\\\n",
    "0 & \\kappa_y & 0  \\\\\n",
    "0 & 0& \\kappa_z \\\\\n",
    "0 & \\kappa_z & \\kappa_y \\\\\n",
    "\\kappa_z & 0 & \\kappa_x \\\\\n",
    "\\kappa_y & \\kappa_x & 0\n",
    "\\end{bmatrix}.\n",
    "$$ \n",
    "\n",
    "The *piezoelastically stiffened elastic constant* is\n",
    "$$\n",
    "c^{p}_{KL}=c^{E}_{KL} + \\frac{[e_{Kj} l_j][l_i e_{iL}]}{l_i \\epsilon^{S}_{ij} l_j}.\n",
    "$$\n"
   ]
  },
  {
   "cell_type": "markdown",
   "metadata": {},
   "source": [
    "We can explore this for different crystal cuts with piezo effects both disabled and active."
   ]
  },
  {
   "cell_type": "code",
   "execution_count": null,
   "metadata": {},
   "outputs": [],
   "source": [
    "import materials\n",
    "mat_LiNbO3 = materials.make_material(\"LiNbO3_1973_Auld\")\n",
    "\n",
    "mat_LiNbO3_x = mat_LiNbO3.copy()\n",
    "mat_LiNbO3_x.set_orientation('x-cut')\n"
   ]
  },
  {
   "cell_type": "code",
   "execution_count": 59,
   "metadata": {},
   "outputs": [
    {
     "name": "stdout",
     "output_type": "stream",
     "text": [
      "Material: LiNbO3\n",
      "  File: LiNbO3_1973_Auld\n",
      "  Source: B. A. Auld\n",
      "  Date: 1973\n"
     ]
    }
   ],
   "source": [
    "print(mat_LiNbO3_x)"
   ]
  },
  {
   "cell_type": "code",
   "execution_count": 65,
   "metadata": {},
   "outputs": [
    {
     "name": "stdout",
     "output_type": "stream",
     "text": [
      "Material: LiNbO3\n",
      "  File: LiNbO3_1973_Auld\n",
      "  Source: B. A. Auld\n",
      "  Date: 1973\n",
      "  Crystal class:  Trigonal\n",
      "  Crystal group:  3m\n",
      "\n",
      " Optical dielectric constant eps_ij., unit: dimensionless.\n",
      "   Plain 2-tensor:\n",
      "    [[5.293+0.j 0.   +0.j]\n",
      "     [0.   +0.j 4.891+0.j]]\n",
      "\n",
      " Stiffness c_IJ, unit: GPa.\n",
      "   Voigt 4-tensor:\n",
      "    [[ 2.0300e+02  5.3000e+01  7.5000e+01 -1.6533e-15  9.0000e+00 -1.8370e-16]\n",
      "     [ 5.3000e+01  2.0300e+02  7.5000e+01  1.6533e-15 -9.0000e+00  1.8370e-16]\n",
      "     [ 7.5000e+01  7.5000e+01  2.4500e+02  0.0000e+00  0.0000e+00 -2.0534e-31]\n",
      "     [-1.6533e-15  1.6533e-15  0.0000e+00  6.0000e+01 -8.9837e-32 -9.0000e+00]\n",
      "     [ 9.0000e+00 -9.0000e+00  0.0000e+00  0.0000e+00  6.0000e+01 -1.6533e-15]\n",
      "     [-1.8370e-16  1.8370e-16 -2.0534e-31 -9.0000e+00 -1.6533e-15  7.3500e+01]]\n",
      "\n",
      " Viscosity eta_IJ., unit: dimensionless.\n",
      "   Voigt 4-tensor:\n",
      "    [[0. 0. 0. 0. 0. 0.]\n",
      "     [0. 0. 0. 0. 0. 0.]\n",
      "     [0. 0. 0. 0. 0. 0.]\n",
      "     [0. 0. 0. 0. 0. 0.]\n",
      "     [0. 0. 0. 0. 0. 0.]\n",
      "     [0. 0. 0. 0. 0. 0.]]\n",
      "\n",
      " Photoelasticity p_IJ., unit: dimensionless.\n",
      "   Voigt 4-tensor:\n",
      "    [[-2.1000e-02  6.0000e-02  1.7200e-01  9.5522e-18 -5.2000e-02  0.0000e+00]\n",
      "     [ 6.0000e-02 -2.1000e-02  1.7200e-01 -9.5522e-18  5.2000e-02  0.0000e+00]\n",
      "     [ 1.4100e-01  1.4100e-01  1.1800e-01  0.0000e+00  0.0000e+00  2.0075e-34]\n",
      "     [ 2.0023e-17 -2.0023e-17  0.0000e+00  1.2100e-01 -7.5988e-34  1.0900e-01]\n",
      "     [-1.0900e-01  1.0900e-01  0.0000e+00  0.0000e+00  1.2100e-01  2.0023e-17]\n",
      "     [-3.5357e-34  3.5357e-34  6.3343e-34  5.2000e-02  9.5522e-18 -4.0500e-02]]\n",
      "\n",
      "\n",
      " Piezoelectric properties:\n",
      "  Piezo effects enabled:\n",
      " \n",
      " Strain piezo coefficient d_iJ, unit: pC/N.\n",
      "   Voigt 3-tensor:\n",
      "    [[-0.0000  0.0000 68.0000 -0.0000 42.0000]\n",
      "     [-1.0000  6.0000  0.0000  0.0000 -0.0000]]\n",
      " \n",
      " Stress piezo coefficient e_iJ, unit: C/m^2.\n",
      "   Voigt 3-tensor:\n",
      "    [[-0.0000 -0.0000  3.7020  0.0000  2.4750]\n",
      "     [ 0.1940  1.3200  0.0000 -0.0000 -0.0000]]\n",
      " \n",
      " Constant strain dielectric tensor eps^S_ij., unit: dimensionless.\n",
      "   Plain 2-tensor:\n",
      "    [[43.8285  0.0000]\n",
      "     [-0.0000 29.1493]]\n",
      " \n",
      " Constant stress dielectric tensor eps^T_ij., unit: dimensionless.\n",
      "   Plain 2-tensor:\n",
      "    [[ 84.0000   0.0000]\n",
      "     [  0.0000  30.0000]]\n",
      "\n"
     ]
    }
   ],
   "source": [
    "print(mat_LiNbO3_x.full_str())"
   ]
  },
  {
   "cell_type": "markdown",
   "metadata": {},
   "source": [
    "### Piezo effects disabled"
   ]
  },
  {
   "cell_type": "markdown",
   "metadata": {},
   "source": [
    "Starting with piezo effects disabled, the slowness curve (top right) in the first plot below corresponds to Fig. 8.9 in Auld volume 1."
   ]
  },
  {
   "cell_type": "code",
   "execution_count": null,
   "metadata": {},
   "outputs": [
    {
     "data": {
      "text/html": [
       "\n",
       "    <div style=\"display: flex; justify-content: center; align-items: flex-start;\">\n",
       "        <div style=\"margin-right: 10px;\">\n",
       "            <img src=\"tmp_xcut_piezo_off-bulkdisp-all.png?1753770288402\" height=\"360px\">\n",
       "            <p style=\"text-align: center;\">X-cut, no piezo - NumBAT</p>\n",
       "        </div>\n",
       "        <div>\n",
       "            <img src=\"images/auld_fig8_9.png?1753770288402\" height=\"360px\">\n",
       "            <p style=\"text-align: center;\">X-cut, no piezo - Auld Fig. 8.9</p>\n",
       "        </div>\n",
       "    </div>"
      ],
      "text/plain": [
       "<IPython.core.display.HTML object>"
      ]
     },
     "metadata": {},
     "output_type": "display_data"
    }
   ],
   "source": [
    "mat_LiNbO3_x.disable_piezoelectric_effects()\n",
    "imgoffx = mat_LiNbO3_x.plot_bulk_dispersion_all(\"tmp_xcut_piezo_off\", show_poln=False, flip_x=True)\n",
    "img_pair(imgoffx, \"images/auld_fig8_9.png\",  'X-cut, no piezo - NumBAT', 'X-cut, no piezo - Auld Fig. 8.9', 360, 360)"
   ]
  },
  {
   "cell_type": "markdown",
   "metadata": {},
   "source": [
    "To make this comparison clearer, we can plot just the slowness curve (inverse phase velocity) in the top right. The ``flip_x=True`` flag reverses the sense of the $x$-axis. This compensates for NumBAT plotting dispersion in the $q_x$-$q_z$ plane, while Auld uses the $q_x$-$q_y$ plane."
   ]
  },
  {
   "cell_type": "code",
   "execution_count": null,
   "metadata": {},
   "outputs": [
    {
     "data": {
      "text/html": [
       "\n",
       "    <div style=\"display: flex; justify-content: center; align-items: flex-start;\">\n",
       "        <div style=\"margin-right: 10px;\">\n",
       "            <img src=\"tmp_xcut_piezo_offb-bulkdisp-ivp.png?1753770298448\" height=\"360px\">\n",
       "            <p style=\"text-align: center;\">X-cut, piezo off - NumBAT</p>\n",
       "        </div>\n",
       "        <div>\n",
       "            <img src=\"images/auld_fig8_9.png?1753770298448\" height=\"360px\">\n",
       "            <p style=\"text-align: center;\">X cut, piezo off - Auld Fig. 8.9</p>\n",
       "        </div>\n",
       "    </div>"
      ],
      "text/plain": [
       "<IPython.core.display.HTML object>"
      ]
     },
     "metadata": {},
     "output_type": "display_data"
    }
   ],
   "source": [
    "imgoff2 = mat_LiNbO3_x.plot_bulk_dispersion_ivp(\"tmp_xcut_piezo_offb\", show_poln=False, flip_x=True)\n",
    "img_pair(imgoff2, \"images/auld_fig8_9.png\",  'X-cut, piezo off - NumBAT', 'X cut, piezo off - Auld Fig. 8.9', 360, 360)"
   ]
  },
  {
   "cell_type": "markdown",
   "metadata": {},
   "source": [
    "And looking at the other two cuts:"
   ]
  },
  {
   "cell_type": "code",
   "execution_count": 90,
   "metadata": {},
   "outputs": [
    {
     "data": {
      "text/html": [
       "\n",
       "    <div style=\"display: flex; justify-content: center; align-items: flex-start;\">\n",
       "        <div style=\"margin-right: 10px;\">\n",
       "            <img src=\"tmp_ycut_piezo_offb-bulkdisp-ivp.png?1753772491284\" height=\"400px\">\n",
       "            <p style=\"text-align: center;\">Y-cut, piezo off - NumBAT</p>\n",
       "        </div>\n",
       "        <div>\n",
       "            <img src=\"tmp_zcut_piezo_offb-bulkdisp-ivp.png?1753772491284\" height=\"400px\">\n",
       "            <p style=\"text-align: center;\">Z-cut, piezo off - NumBAT</p>\n",
       "        </div>\n",
       "    </div>"
      ],
      "text/plain": [
       "<IPython.core.display.HTML object>"
      ]
     },
     "metadata": {},
     "output_type": "display_data"
    }
   ],
   "source": [
    "mat_LiNbO3_y = mat_LiNbO3.copy()\n",
    "mat_LiNbO3_y.set_orientation('y-cut')\n",
    "mat_LiNbO3_z = mat_LiNbO3.copy()\n",
    "mat_LiNbO3_z.set_orientation('z-cut')\n",
    "\n",
    "imgoffy = mat_LiNbO3_y.plot_bulk_dispersion_ivp(\"tmp_ycut_piezo_offb\", show_poln=True, flip_x=True)\n",
    "imgoffz = mat_LiNbO3_z.plot_bulk_dispersion_ivp(\"tmp_zcut_piezo_offb\", show_poln=True, flip_x=True)\n",
    "\n",
    "img_pair(imgoffy, imgoffz,  'Y-cut, piezo off - NumBAT', 'Z-cut, piezo off - NumBAT', 400, 400)"
   ]
  },
  {
   "cell_type": "markdown",
   "metadata": {},
   "source": [
    "### Piezo effects enabled"
   ]
  },
  {
   "cell_type": "markdown",
   "metadata": {},
   "source": [
    "We now perform the same calculations with piezo effects enabled."
   ]
  },
  {
   "cell_type": "code",
   "execution_count": 104,
   "metadata": {},
   "outputs": [
    {
     "name": "stdout",
     "output_type": "stream",
     "text": [
      "\n",
      " Stiffness c_IJ, unit: GPa.\n",
      "   Voigt 4-tensor:\n",
      "    [[ 2.0300e+02  7.5000e+01  5.3000e+01 -9.0000e+00  0.0000e+00  0.0000e+00]\n",
      "     [ 7.5000e+01  2.4500e+02  7.5000e+01  3.0616e-15  0.0000e+00  0.0000e+00]\n",
      "     [ 5.3000e+01  7.5000e+01  2.0300e+02  9.0000e+00  0.0000e+00  0.0000e+00]\n",
      "     [-9.0000e+00  3.0616e-15  9.0000e+00  6.0000e+01  0.0000e+00  0.0000e+00]\n",
      "     [ 0.0000e+00  0.0000e+00  0.0000e+00  0.0000e+00  7.3500e+01 -9.0000e+00]\n",
      "     [ 0.0000e+00  0.0000e+00  0.0000e+00  0.0000e+00 -9.0000e+00  6.0000e+01]]\n",
      "\n",
      " Stiffness c_IJ, unit: GPa.\n",
      "   Voigt 4-tensor:\n",
      "    [[ 2.0300e+02  7.5000e+01  5.3000e+01 -9.0000e+00  0.0000e+00  0.0000e+00]\n",
      "     [ 7.5000e+01  2.4500e+02  7.5000e+01  3.0616e-15  0.0000e+00  0.0000e+00]\n",
      "     [ 5.3000e+01  7.5000e+01  2.0300e+02  9.0000e+00  0.0000e+00  0.0000e+00]\n",
      "     [-9.0000e+00  3.0616e-15  9.0000e+00  6.0000e+01  0.0000e+00  0.0000e+00]\n",
      "     [ 0.0000e+00  0.0000e+00  0.0000e+00  0.0000e+00  7.3500e+01 -9.0000e+00]\n",
      "     [ 0.0000e+00  0.0000e+00  0.0000e+00  0.0000e+00 -9.0000e+00  6.0000e+01]]\n",
      "\n",
      " Stiffness c_IJ, unit: GPa.\n",
      "   Voigt 4-tensor:\n",
      "    [[ 2.0306e+02  5.3396e+01  7.5058e+01  9.0000e+00  7.4308e-01  1.1115e+00]\n",
      "     [ 5.3396e+01  2.0570e+02  7.5396e+01 -9.0000e+00  5.0560e+00  7.5626e+00]\n",
      "     [ 7.5058e+01  7.5396e+01  2.4506e+02 -4.7507e-17  7.4308e-01  1.1115e+00]\n",
      "     [ 9.0000e+00 -9.0000e+00 -4.7507e-17  6.0000e+01 -6.0609e-16 -9.0656e-16]\n",
      "     [ 7.4308e-01  5.0560e+00  7.4308e-01 -6.0609e-16  6.9480e+01  2.3180e+01]\n",
      "     [ 1.1115e+00  7.5626e+00  1.1115e+00 -9.0656e-16  2.3180e+01  9.4710e+01]]\n",
      "\n",
      " Stiffness c_IJ, unit: GPa.\n",
      "   Voigt 4-tensor:\n",
      "    [[ 2.0311e+02  5.3721e+01  7.5106e+01  9.0000e+00  6.7606e-01  1.0112e+00]\n",
      "     [ 5.3721e+01  2.0791e+02  7.5721e+01 -9.0000e+00  4.6000e+00  6.8805e+00]\n",
      "     [ 7.5106e+01  7.5721e+01  2.4511e+02 -8.6444e-17  6.7606e-01  1.0112e+00]\n",
      "     [ 9.0000e+00 -9.0000e+00 -8.6444e-17  6.0000e+01 -5.5142e-16 -8.2479e-16]\n",
      "     [ 6.7606e-01  4.6000e+00  6.7606e-01 -5.5142e-16  6.4312e+01  1.5450e+01]\n",
      "     [ 1.0112e+00  6.8805e+00  1.0112e+00 -8.2479e-16  1.5450e+01  8.3148e+01]]\n"
     ]
    }
   ],
   "source": [
    "mat_LiNbO3_z.disable_piezoelectric_effects()\n",
    "\n",
    "print(mat_LiNbO3_z.get_stiffness_for_kappa((1,1,0)))\n",
    "print(mat_LiNbO3_z.get_stiffness_for_kappa((1,2,0)))\n",
    "\n",
    "mat_LiNbO3_z.enable_piezoelectric_effects()\n",
    "\n",
    "print(mat_LiNbO3_z.get_stiffness_for_kappa((1,1,0)))\n",
    "print(mat_LiNbO3_z.get_stiffness_for_kappa((1,2,0)))"
   ]
  },
  {
   "cell_type": "code",
   "execution_count": 105,
   "metadata": {},
   "outputs": [
    {
     "name": "stdout",
     "output_type": "stream",
     "text": [
      "\n",
      " Stiffness c_IJ, unit: GPa.\n",
      "   Voigt 4-tensor:\n",
      "    [[ 2.1971e+02  3.6287e+01  7.5000e+01  9.0000e+00 -2.4378e+01 -3.0447e-15]\n",
      "     [ 3.6287e+01  2.1971e+02  7.5000e+01 -9.0000e+00  2.4378e+01  3.0447e-15]\n",
      "     [ 7.5000e+01  7.5000e+01  2.4500e+02  0.0000e+00  6.0512e-16  7.5578e-32]\n",
      "     [ 9.0000e+00 -9.0000e+00  0.0000e+00  6.0000e+01  0.0000e+00  0.0000e+00]\n",
      "     [-2.4378e+01  2.4378e+01  6.0512e-16  0.0000e+00  9.5558e+01  9.0000e+00]\n",
      "     [-3.0447e-15  3.0447e-15  7.5578e-32  0.0000e+00  9.0000e+00  7.3500e+01]]\n",
      "\n",
      " Stiffness c_IJ, unit: GPa.\n",
      "   Voigt 4-tensor:\n",
      "    [[ 2.1965e+02  3.6293e+01  7.4805e+01  9.0000e+00 -2.4328e+01 -3.0384e-15]\n",
      "     [ 3.6293e+01  2.1976e+02  7.5196e+01 -9.0000e+00  2.4411e+01  3.0489e-15]\n",
      "     [ 7.4805e+01  7.5196e+01  2.4500e+02  5.3072e-38  2.8548e-01  3.5656e-17]\n",
      "     [ 9.0000e+00 -9.0000e+00  5.3072e-38  6.0000e+01  6.6081e-36  8.2533e-52]\n",
      "     [-2.4328e+01  2.4411e+01  2.8548e-01  6.6081e-36  9.5546e+01  9.0000e+00]\n",
      "     [-3.0384e-15  3.0489e-15  3.5656e-17  8.2533e-52  9.0000e+00  7.3500e+01]]\n",
      "\n",
      " Stiffness c_IJ, unit: GPa.\n",
      "   Voigt 4-tensor:\n",
      "    [[ 2.1958e+02  3.6310e+01  7.4610e+01  9.0000e+00 -2.4261e+01 -3.0301e-15]\n",
      "     [ 3.6310e+01  2.1981e+02  7.5393e+01 -9.0000e+00  2.4429e+01  3.0510e-15]\n",
      "     [ 7.4610e+01  7.5393e+01  2.4501e+02  2.1229e-37  5.7067e-01  7.1275e-17]\n",
      "     [ 9.0000e+00 -9.0000e+00  2.1229e-37  6.0000e+01  1.3209e-35  1.6498e-51]\n",
      "     [-2.4261e+01  2.4429e+01  5.7067e-01  1.3209e-35  9.5510e+01  9.0000e+00]\n",
      "     [-3.0301e-15  3.0510e-15  7.1275e-17  1.6498e-51  9.0000e+00  7.3500e+01]]\n",
      "\n",
      " Stiffness c_IJ, unit: GPa.\n",
      "   Voigt 4-tensor:\n",
      "    [[ 2.1949e+02  3.6339e+01  7.4417e+01  9.0000e+00 -2.4178e+01 -3.0197e-15]\n",
      "     [ 3.6339e+01  2.1983e+02  7.5589e+01 -9.0000e+00  2.4429e+01  3.0511e-15]\n",
      "     [ 7.4417e+01  7.5589e+01  2.4502e+02  4.7764e-37  8.5527e-01  1.0682e-16]\n",
      "     [ 9.0000e+00 -9.0000e+00  4.7764e-37  6.0000e+01  1.9797e-35  2.4726e-51]\n",
      "     [-2.4178e+01  2.4429e+01  8.5527e-01  1.9797e-35  9.5449e+01  9.0000e+00]\n",
      "     [-3.0197e-15  3.0511e-15  1.0682e-16  2.4726e-51  9.0000e+00  7.3500e+01]]\n",
      "\n",
      " Stiffness c_IJ, unit: GPa.\n",
      "   Voigt 4-tensor:\n",
      "    [[ 2.1939e+02  3.6379e+01  7.4225e+01  9.0000e+00 -2.4078e+01 -3.0072e-15]\n",
      "     [ 3.6379e+01  2.1985e+02  7.5786e+01 -9.0000e+00  2.4413e+01  3.0491e-15]\n",
      "     [ 7.4225e+01  7.5786e+01  2.4504e+02  8.4913e-37  1.1390e+00  1.4226e-16]\n",
      "     [ 9.0000e+00 -9.0000e+00  8.4913e-37  6.0000e+01  2.6365e-35  3.2928e-51]\n",
      "     [-2.4078e+01  2.4413e+01  1.1390e+00  2.6365e-35  9.5365e+01  9.0000e+00]\n",
      "     [-3.0072e-15  3.0491e-15  1.4226e-16  3.2928e-51  9.0000e+00  7.3500e+01]]\n",
      "\n",
      " Stiffness c_IJ, unit: GPa.\n",
      "   Voigt 4-tensor:\n",
      "    [[ 2.1929e+02  3.6430e+01  7.4034e+01  9.0000e+00 -2.3962e+01 -2.9927e-15]\n",
      "     [ 3.6430e+01  2.1986e+02  7.5983e+01 -9.0000e+00  2.4380e+01  3.0449e-15]\n",
      "     [ 7.4034e+01  7.5983e+01  2.4506e+02  1.3267e-36  1.4215e+00  1.7755e-16]\n",
      "     [ 9.0000e+00 -9.0000e+00  1.3267e-36  6.0000e+01  3.2905e-35  4.1097e-51]\n",
      "     [-2.3962e+01  2.4380e+01  1.4215e+00  3.2905e-35  9.5256e+01  9.0000e+00]\n",
      "     [-2.9927e-15  3.0449e-15  1.7755e-16  4.1097e-51  9.0000e+00  7.3500e+01]]\n",
      "\n",
      " Stiffness c_IJ, unit: GPa.\n",
      "   Voigt 4-tensor:\n",
      "    [[ 2.1917e+02  3.6493e+01  7.3845e+01  9.0000e+00 -2.3830e+01 -2.9762e-15]\n",
      "     [ 3.6493e+01  2.1985e+02  7.6179e+01 -9.0000e+00  2.4330e+01  3.0387e-15]\n",
      "     [ 7.3845e+01  7.6179e+01  2.4508e+02  1.9104e-36  1.7026e+00  2.1265e-16]\n",
      "     [ 9.0000e+00 -9.0000e+00  1.9104e-36  6.0000e+01  3.9411e-35  4.9223e-51]\n",
      "     [-2.3830e+01  2.4330e+01  1.7026e+00  3.9411e-35  9.5123e+01  9.0000e+00]\n",
      "     [-2.9762e-15  3.0387e-15  2.1265e-16  4.9223e-51  9.0000e+00  7.3500e+01]]\n",
      "\n",
      " Stiffness c_IJ, unit: GPa.\n",
      "   Voigt 4-tensor:\n",
      "    [[ 2.1904e+02  3.6568e+01  7.3658e+01  9.0000e+00 -2.3681e+01 -2.9576e-15]\n",
      "     [ 3.6568e+01  2.1984e+02  7.6375e+01 -9.0000e+00  2.4263e+01  3.0304e-15]\n",
      "     [ 7.3658e+01  7.6375e+01  2.4511e+02  2.6002e-36  1.9819e+00  2.4753e-16]\n",
      "     [ 9.0000e+00 -9.0000e+00  2.6002e-36  6.0000e+01  4.5876e-35  5.7297e-51]\n",
      "     [-2.3681e+01  2.4263e+01  1.9819e+00  4.5876e-35  9.4966e+01  9.0000e+00]\n",
      "     [-2.9576e-15  3.0304e-15  2.4753e-16  5.7297e-51  9.0000e+00  7.3500e+01]]\n",
      "\n",
      " Stiffness c_IJ, unit: GPa.\n",
      "   Voigt 4-tensor:\n",
      "    [[ 2.1890e+02  3.6654e+01  7.3473e+01  9.0000e+00 -2.3516e+01 -2.9371e-15]\n",
      "     [ 3.6654e+01  2.1981e+02  7.6570e+01 -9.0000e+00  2.4180e+01  3.0200e-15]\n",
      "     [ 7.3473e+01  7.6570e+01  2.4515e+02  3.3960e-36  2.2591e+00  2.8215e-16]\n",
      "     [ 9.0000e+00 -9.0000e+00  3.3960e-36  6.0000e+01  5.2292e-35  6.5311e-51]\n",
      "     [-2.3516e+01  2.4180e+01  2.2591e+00  5.2292e-35  9.4785e+01  9.0000e+00]\n",
      "     [-2.9371e-15  3.0200e-15  2.8215e-16  6.5311e-51  9.0000e+00  7.3500e+01]]\n",
      "\n",
      " Stiffness c_IJ, unit: GPa.\n",
      "   Voigt 4-tensor:\n",
      "    [[ 2.1875e+02  3.6751e+01  7.3290e+01  9.0000e+00 -2.3335e+01 -2.9144e-15]\n",
      "     [ 3.6751e+01  2.1977e+02  7.6764e+01 -9.0000e+00  2.4080e+01  3.0075e-15]\n",
      "     [ 7.3290e+01  7.6764e+01  2.4519e+02  4.2978e-36  2.5339e+00  3.1647e-16]\n",
      "     [ 9.0000e+00 -9.0000e+00  4.2978e-36  6.0000e+01  5.8653e-35  7.3255e-51]\n",
      "     [-2.3335e+01  2.4080e+01  2.5339e+00  5.8653e-35  9.4580e+01  9.0000e+00]\n",
      "     [-2.9144e-15  3.0075e-15  3.1647e-16  7.3255e-51  9.0000e+00  7.3500e+01]]\n",
      "\n",
      " Stiffness c_IJ, unit: GPa.\n",
      "   Voigt 4-tensor:\n",
      "    [[ 2.1858e+02  3.6860e+01  7.3110e+01  9.0000e+00 -2.3138e+01 -2.8898e-15]\n",
      "     [ 3.6860e+01  2.1972e+02  7.6957e+01 -9.0000e+00  2.3963e+01  2.9928e-15]\n",
      "     [ 7.3110e+01  7.6957e+01  2.4523e+02  5.3055e-36  2.8060e+00  3.5045e-16]\n",
      "     [ 9.0000e+00 -9.0000e+00  5.3055e-36  6.0000e+01  6.4950e-35  8.1120e-51]\n",
      "     [-2.3138e+01  2.3963e+01  2.8060e+00  6.4950e-35  9.4351e+01  9.0000e+00]\n",
      "     [-2.8898e-15  2.9928e-15  3.5045e-16  8.1120e-51  9.0000e+00  7.3500e+01]]\n",
      "\n",
      " Stiffness c_IJ, unit: GPa.\n",
      "   Voigt 4-tensor:\n",
      "    [[ 2.1841e+02  3.6980e+01  7.2933e+01  9.0000e+00 -2.2924e+01 -2.8632e-15]\n",
      "     [ 3.6980e+01  2.1965e+02  7.7149e+01 -9.0000e+00  2.3828e+01  2.9761e-15]\n",
      "     [ 7.2933e+01  7.7149e+01  2.4528e+02  6.4189e-36  3.0750e+00  3.8405e-16]\n",
      "     [ 9.0000e+00 -9.0000e+00  6.4189e-36  6.0000e+01  7.1177e-35  8.8898e-51]\n",
      "     [-2.2924e+01  2.3828e+01  3.0750e+00  7.1177e-35  9.4098e+01  9.0000e+00]\n",
      "     [-2.8632e-15  2.9761e-15  3.8405e-16  8.8898e-51  9.0000e+00  7.3500e+01]]\n",
      "\n",
      " Stiffness c_IJ, unit: GPa.\n",
      "   Voigt 4-tensor:\n",
      "    [[ 2.1823e+02  3.7111e+01  7.2758e+01  9.0000e+00 -2.2695e+01 -2.8346e-15]\n",
      "     [ 3.7111e+01  2.1958e+02  7.7339e+01 -9.0000e+00  2.3677e+01  2.9572e-15]\n",
